1028328468
807795660
1929022460
1163464673
1562690049
467854324
-1061208649
-1881299795
1847170736
900292787
-1216730609
438257809
1227585199
289532868
1816952845
1240775670
-297631655
1867324071
1590406236
220578524
-1019973613
-2057187440
113731885
-2026454803
-1138750254
-769063518
1971742810
1246331599
-109815585
-923947940
-2011104306
791726265
1865648862
1015694931
1362321443
-1936103864
-2088889588
-1710932191
1469549964
671419283
-1334693689
46673053
-1737444620
578816892
1261493331
-328372405
-758071449
1203549001
-677312294
-1948064234
350395825
1305741170
1117160116
1649912124
1141507652
-1751844420
-91099671
1599471753
85199710
407399558
-291264269
1137313991
-39730325
-815687838
-1017931833
147373172
-2035763801
-1980260121
453778198
-1175301195
393932039
-664895036
849786832
1636183947
-1685924519
1828881688
-1617087767
-1293040573
-1728231767
-133498367
206185822
585578291
1052664551
1853745778
-70235014
433038242
-1330370106
-51909814
183507541
538458887
-123476250
2049464737
-1316533603
-34556810
-120725964
1748212068
569278360
686079831
1660213905
-1549653725
-1272632472
-607031976
-1375894863
419209001
50088337
1651689380
422811717
-853417011
-176902984
2031682388
746685788
1847999751
-695343955
-703067866
-1563894778
-2132869307
370081963
-1401207700
-45044678
775419775
-1784499746
296938822
-14101511
531423880
-2093706716
-108051949
1001369010
-988641881
-1139436777
-130980828
-1638285080
-1669317530
-666248885
534825906
565270801
-1864101975
448956372
1278183186
-1166137663
2044242433
778715146
-1681475290
409161479
150322498
1762875791
299371286
960793879
-1555518126
549656209
-1631058624
-1096201687
-2111007677
-708487092
-1603239060
1985925023
177599396
-1331128366
882489412
-133630099
911714068
1056581390
523990018
-1704788299
-1523848169
-526975483
553624170
988307120
-56257748
-370829217
882521083
1807208405
-2082820578
-778983642
-2112231839
67164979
-757379174
-1968530740
-510091219
-647061982
1142697985
1787971954
1776899015
-1962367974
-265925761
758723943
-548627038
-634586398
123325788
368719854
1897173426
-1831541524
-1683759982
406819908
1454599195
-1685598721
1911299486
-315115808
-1137174230
1970693654
1777859994
327165180
1995884680
1752303240
-254862709
-1089380268
206241708
1527956840
-695378696
-1826700499
1094967185
530635566
-1438345541
-1186359144
971149737
-528728426
1717091098
699856119
-593620976
-1928881465
182387737
579605184
-362889980
1355416504
-1556506359
1263351680
-413696619
2077035727
-709981596
2111268131
1699302296
-76339766
1213347548
-613590159
-2028375327
-530816542
-74814031
-1529565733
795995568
514723117
-386866622
956821880
1806079083
208909379
1118880999
-489732279
2022773901
1410761252
887395581
2061551300
-1816075554
2035423321
-180977599
-566326128
2004589796
1809597784
-1101601951
1470132620
1725795737
1449606444
1644281808
722710037
-2010035875
687618133
-830129447
-992285304
-1584360147
-1255760660
-112690697
-1271032315
1045433621
1598428683
1744007267
-1331869578
-1512423965
-589283989
852324845
-954934065
-1514789347
-1976517811
233938703
1498701463
-71282124
197197982
961904190
1872874918
-1705179144
297729877
1250907779
-1340168401
836580687
-1403222753
-1945166006
15629056
2008487457
418847806
894835066
-505736952
-657537642
-782068050
1676043717
416736025
1595551363
-542201975
1852124224
-1685655825
128913185
-1688064341
-1342232266
722019441
-67042305
2007833241
449360696
-558042058
-1291792839
112985246
-372273544
-1557675446
-64141078
-882447562
1881547095
1130840369
582599134
-2111394128
-694886853
-96470741
1760864652
-1160563698
1192752806
1408663481
-11219390
-1738124753
-1994609789
-1341775008
-1371367774
1629351215
-53293373
1236275116
-1055527092
-367401970
-1675867608
-192270985
1662574556
1815655567
-1511145632
-823835798
-940967146
-1363150494
-1433365163
-212460860
-694608288
-846453116
896009923
-1792693158
93074544
-162191386
-2132802038
489200094
-69144763
-246692276
-1002042811
2109634403
-287593126
-282200456
1589189018
-2118276832
-1908212199
405698183
-1755339565
-887563917
1552578957
-2047976038
-421066707
1196903209
782688092
1703772600
-633748112
1372163068
512798963
-809445390
127322943
-1845998756
-904283390
-1305726265
1191534001
-396142222
1225605675
-785448246
986084383
-1199369631
-791034123
975830401
488480831
1700706766
-1400990458
1581108880
-69676431
2049870498
-1536781935
-891209961
-660631719
1386774286
2122120461
45039447
881289901
50533583
710941735
733240987
385145679
514429362
-211747848
462142805
-1330856802
-229536678
-1589721734
453768582
-177467128
-86393535
1820283960
-1923811997
1570822627
1112955900
-1423047612
1594288181
3676285
-936407870
-370873490
-863745664
924994673
-461725138
43250098
396330599
2037449532
1778333507
-1581482767
1077334350
1225084175
568681905
1930404836
-1236857919
1492134629
-1743086506
-87548851
1630071443
438520280
1414453767
-2131208082
-1120290742
-417226832
-784052081
-1432844353
1499683258
709147837
1464316919
-1599639846
-1358071569
1042605798
1598536199
1668041402
1396439632
-369143295
644255245
-32034012
1698504704
1305938276
1984445660
1356902500
411828103
-1195221317
2030918935
-1667205060
1521626545
950006299
1494841263
-1646361063
490587318
42706775
-793185111
98632328
1435445402
1907858
347246628
1634512359
-1835782698
-1946257899
1527552922
-703282593
1102874168
-2113694878
-720466075
-1689091823
-1429366777
1490485641
1024176261
862707343
-67493014
-1227669831
235654816
1555301005
-956016119
1576280857
1496538697
-1524134185
1131891956
-46824744
-1289981052
-737025658
-479275837
1567710594
1717985417
-829962642
104028159
-31379819
-2133197624
-1219015718
945886144
-527748268
970774573
1221832315
-1029125481
1595783642
-338829659
1910476956
-1330512467
1078447473
2055876575
923201690
-947579860
155178020
-1610535081
-1885498733
-2006575907
320729490
-1867837297
888000861
-1334913519
1152992004
-1658494049
432999098
549570501
588531906
-2006096400
-222684471
-1659061248
1242960034
-479716540
-52061506
-651865728
1158870497
-890998024
626710229
1178526869
864094773
1430519181
445624195
-2041304501
123829282
79361636
1931532782
1107089870
1772719756
-354376248
1577792415
-200669174
847967629
1314217778
-1418060426
-2146821743
-1054561144
-1814847545
69997022
-1224773950
-2061330050
-1386868444
-405935552
1133719078
2120454559
743732318
1270908860
2009059613
-400387292
1404418372
717476630
-1484433735
1603881051
-1154103834
-297973778
-923582231
-1763760125
-1797148069
-1300267212
133349338
-1658206503
-969573187
333147353
-1912754279
1523068530
1704098168
2040218826
-2120922116
-1971565237
-361364540
-242074855
-250233150
141743134
1598829167
1374393213
380759033
575345782
254973151
-493440004
-365616993
-526011259
-1397015465
-1688916250
-287406196
1388989493
2030081401
-1706362875
1652852878
1432436604
-128002549
-666879727
-1788054059
1329621492
-1137704195
-20481687
304425873
-132223062
1932776106
1215433984
276399577
-2048276683
220000094
1466433173
1350160590
62771466
1297178136
1113057574
686397184
440504335
-1249636976
-1106873178
827421200
165730157
-2035691141
973892077
1103806869
-318111318
-2043916788
751669743
1939172419
-928545546
-765356098
1151456304
-1410986166
1286469828
-193492144
365774967
-128106501
319578268
1668162065
1836789697
2021573553
1641402415
866928221
750454904
-1282809362
56147115
-579933081
1656631780
1820472516
1296666448
34239287
-293088543
1229626229
1684753731
1358074358
-718800942
-609602723
-1250269022
301815145
2109086677
-701662448
1540034264
513405371
1724813624
-514587713
860719153
-268669826
-1650885334
-1315089185
-473924432
-657759501
731470517
-1559370229
-1493028320
99446921
-236308245
1424970537
-1846601880
-1075316317
-1921374113
119353036
-11718365
-451322210
727092183
-211675431
2083076976
1093982994
-575586241
-1887506580
1711510789
1342608727
1962659807
-1179621380
-898087030
-185949622
-72997680
-668651844
384745764
-1781923504
1240559276
504985156
-1433201841
-199437158
1092562820
-1921863312
1587792624
-1331603030
-716200938
604023176
-432228950
57370134
1390541631
-1908976991
1618487407
1105751180
576458926
-125369790
1397070682
-72331755
-1945723174
1387195465
1273867964
-172262499
-1379525579
-675280369
-1322717836
236661682
2038937505
-1606103094
-1691361148
282634380
1545414691
-1134275533
1300252640
-43189683
1121534934
136171112
-847475577
-342724215
1961529889
-165442030
-171458601
709219847
-342864596
-1398091318
-778978275
-454738487
85558927
1693982648
1378630251
1555484745
291857228
1355154557
-42274386
-385746427
-157900033
-1038197678
-1034022145
-1987455939
689694291
-1055094159
39302969
-18889477
1045522616
294732467
983699915
1844550483
1142432082
1055312250
-1007321906
1889971180
-1123451084
288280016
1822077529
-1064062530
397292749
-1322171952
1565968148
184907548
-762198366
1021695300
-1132217845
-484537611
1450430781
137885327
-461263420
-1614510506
779303524
-913343027
551165586
1943905842
1797177742
1821795896
-1322276309
1881652581
471442322
-900318771
262814840
-620903690
1270498721
-1974594770
54048172
1676771484
1676942198
-1899210294
167665048
-210557565
1799175371
-2048549830
-422332356
-99040945
-567058930
705965294
724012960
1001646945
-959766444
-266181368
503727845
-1333519784
-15733618
-38030969
1591397014
-1900515366
-1423323654
1528745640
-1478643133
945552531
-138280997
355325320
-2040764592
1106493565
372646507
163512333
927687946
751168354
-2104145136
417023751
-499915270
-1456070242
-2023660594
-1866056047
-1933667714
706398505
331517437
-1568877379
-1960704876
1839964884
-1451131845
655283823
785724665
334115795
-201787485
-971940215
-1571609230
-647445637
2138965054
-794389688
1874746472
274526539
-1128179527
-1250339347
638059962
892806960
-1532748456
-2033071969
103271630
1070099460
-903535062
2127679119
86950889
-1701553576
-1062527874
-46732707
-1043272512
2139438962
2017676181
133242554
564541007
672442008
-2035022696
-1430997683
220005352
-1755655025
1857867212
-1817767974
1847955854
1520170846
1976422659
1252321185
-29439613
152178263
-819774123
1336057604
973233951
1780403799
415797264
562923883
-1277738270
1510016588
-690816788
-1541452437
172934093
-321042441
-1302246013
-293419739
-1709051411
379705586
1742946303
1086062828
352982583
-1337315340
437308692
-1732554710
-16231525
8815188
-132770512
740127875
-1872902830
-1425005109
218567921
1461281594
213298811
-818165123
-1745751849
1849571540
-1927246107
669438266
1579010106
1168786170
-611569362
-1393737216
527385470
1200506019
18482700
-852875580
1053512068
459167858
-847224598
534531697
283363427
1229198684
-88053322
-244990927
1382079831
-126101107
-833103879
1643923178
1846913017
226582412
-1251292377
-1052365558
1545413808
344850844
1698845752
1078304903
-1902089625
-1070772379
1781630071
396529441
534644608
1758648788
-1111747175
2073176810
34978311
598104382
1190592272
-1936722169
2088433450
1382650315
-288584543
1293180088
-1417415192
1051564561
-363673037
749800597
-569233143
-1916573697
-788768534
